pMain= {(0,1),(1,1),(0,0),(1,0),(0,-1)}
pM1= {(-1,0),(0,0),(1,0),(0,-1),(1,-1)}
pM2= {(0,1),(-1,0),(0,0),(-1,-1),(0,-1)}
pM3= {(-1,1),(0,1),(-1,0),(0,0),(1,0)}

pOther= {(-1,1),(0,1),(-1,0),(0,0),(0,-1)}
pO1= {(0,1),(1,1),(-1,0),(0,0),(1,0)}
pO2= {(0,1),(0,0),(1,0),(0,-1),(1,-1)}
pO3= {(-1,0),(0,0),(1,0),(-1,-1),(0,-1)}

x= {(0,1),(-1,0),(0,0),(1,0),(0,-1)}

u= {(0,1),(1,1),(0,0),(0,-1),(1,-1)}
u1= {(-1,0),(0,0),(1,0),(-1,-1),(1,-1)}
u2= {(-1,1),(0,1),(0,0),(-1,-1),(0,-1)}
u3= {(-1,1),(1,1),(-1,0),(0,0),(1,0)}

zMain= {(-1,1),(0,1),(0,0),(0,1-),(1,-1)}
pM2= {(1,1),(-1,0),(0,0),(1,0),(-1,-1)}

zOther= {(0,1),(1,1),(0,0),(-1,-1),(0,-1)}
zO1= {(-1,1),(-1,0),(0,0),(1,0),(1,-1)}

i= {(0,4),(0,3),(0,2),(0,1),(0,0)}
i1= {(0,0),(1,0),(2,0),(3,0),(4,0)}

t= {(-1,0),(0,0),(1,0),(0,-1),(0,-2)}
t1= {(1,1),(-2,0),(-1,0),(0,0),(0-1)}
t2= {(0,2),(0,1),(-1,0),(0,0),(1,0)}
t3= {(0,1),(0,0),(1,0),(2,0),(0,-1)}

v= {(0,2),(0,1),(0,0),(1,0),(2,0)}
v1= {(0,0),(1,0),(2,0),(0,-1),(0,-2)}
v2= {(-2,0),(-1,0),(0,0),(0,-1),(0,-2)}
v3= {(0,2),(0,1),(-2,0),(-1,0),(0,0)}

w= {(-1,1),(-1,0),(0,0),(0,-1),(1,-1)}
w1= {(0,1),(1,1),(-1,0),(0,0),(-1,-1)}
w2= {(-1,1),(0,1),(0,0),(1,0),(1,-1)}
w3= {(1,1),(0,0),(1,0),(-1,-1),(0,-1)}




yMain= {(0,1),(-1,0),(0,0),(0,-1),(0,-2)}
yM1= {(0,1),(-2,0),(-1,0),(0,0),(1,0)}
yM2= {(0,2),(0,1),(0,0),(1,0),(0,-1)}
yM3= {(-1,0),(0,0),(1,0),(2,0),(-1,0)}

yOther= {(0,1),(0,0),(1,0),(0,-1),(0,-2)}
yO1= {(-2,0),(-1,0),(0,0),(1,0),(0,-1)}
yO2= {(0,2),(0,1),(-1,0),(0,0),(0,-1)}
yO3= {(0,1),(-1,0),(0,0),(1,0),(2,0)}

nMain= {(-1,1),(-1,0),(0,0),(0,-1),(0,-2)}
nM1= {(0,1),(1,1),(-2,0),(-1,0),(0,0)}
nM2= {(0,2),(0,1),(0,0),(1,0),(1,-1)}
nM3= {(0,0),(1,0),(2,0),(-1,-1),(0,-1)}

nOther= {(1,1),(0,0),(1,0),(0,-1),(0,-2)}
nO1= {(-2,0),(-1,0),(0,0),(0,-1),(1,-1)}
nO2= {(0,2),(0,1),(-1,0),(0,0),(-1,-1)}
nO3= {(-1,1),(0,1),(0,0),(1,0),(2,0)}

fMain= {(0,1),(1,1),(-1,0),(0,0),(0,-1)}
fM1= {(0,1),(-1,0),(0,0),(1,0),(1,-1)}
fM2= {(0,1),(0,0),(1,0),(-1,-1),(0,-1)}
fM3= {(-1,1),(-1,0),(0,0),(1,0),(0,-1)}

fOther= {(-1,1),(0,1),(0,0),(1,0),(0,-1)}
fO1= {(1,1),(-1,0),(0,0),(1,0),(0,-1)}
fO2= {(0,1),(-1,0),(0,0),(0,-1),(1,-1)}
fO3= {(0,1),(-1,0),(0,0),(1,0),(-1,-1)}

lMain= {(0,3),(0,2),(0,1),(0,0),(1,0)}
lM1= {(0,0),(1,0),(2,0),(3,0),(0,-1)}
lM2= {(-1,0),(0,0),(0,-1),(0,-2),(0,-3)}
lM3= {(0,1),(-3,0),(-2,0),(-1,0),(0,0)}

lOther= {(0,3),(0,2),(0,1),(0,0),(-1,0)}
lO1= {(0,1),(0,0),(1,0),(2,0),(3,0)}
lO2= {(0,0),(1,0),(0,-1),(0,-2),(0,-3)}
lO3= {(-3,0),(-2,0),(-1,0),(0,0),(0,-1)}



